# -*- coding: utf-8 -*-
"""
Created on Sat Feb 15 17:42:43 2020
"""

import numpy as np
import matplotlib.pyplot as plt
import scipy.optimize as so
import pandas as pd
from matplotlib import pyplot

Values=[[20.097826, 20.097826, 20.097826, 20.115606, 20.115606, 20.115606, 20.115606, 20.115606, 20.435211, 20.435211, 20.435211, 20.435211, 20.435211, 20.325516, 20.325516, 20.325516, 20.325516, 20.297758, 20.297758, 20.297758, 20.297758, 20.297758, 20.395552, 20.395552, 20.395552, 20.395552, 20.395552, 20.563787, 20.458376, 20.458376, 20.458376, 20.458376, 20.554047, 20.554047, 20.554047, 20.554047, 20.554047, 20.690584, 20.690584, 20.690584, 20.690584, 20.690584, 20.409813, 20.409813, 20.409813, 20.409813, 20.515196, 20.515196, 20.419502, 20.419502, 20.419502, 20.419502, 20.419502, 20.582949, 20.582949, 20.582949, 20.582949, 20.582949, 20.533705, 20.533705, 20.533705, 20.533705, 20.584311, 20.584311, 20.584311, 20.584311, 20.584311, 20.744795, 20.744795, 20.744795, 20.744795, 20.663181, 20.663181, 20.663181, 20.663181, 20.537891, 20.537891, 20.537891, 20.537891, 20.34766, 20.34766, 20.34766, 20.34766, 20.34766, 20.165474, 20.165474, 20.165474, 19.779726, 19.779726, 19.779726, 19.779726, 19.779726, 19.201128, 19.201128, 19.201128, 19.201128, 18.378248, 18.378248, 18.378248, 18.378248, 18.378248, 18.378248, 17.059944, 17.059944, 17.059944, 1.1211474, -2.895736, -2.895736, -2.895736, -7.3392429, -7.3392429, -7.3392429, -7.3392429, -7.3392429, -11.584048, -11.584048, -11.584048, -11.584048, -11.584048, -11.584048, -16.029894, -16.029894, -16.029894, -20.39657, -20.39657, -20.39657, -20.39657, -24.099911, -24.099911, -24.099911, -24.099911, -27.512583, -27.512583, -27.512583, -27.512583, -27.512583, -30.122721, -30.122721, -30.122721, -30.122721, -30.122721, -30.122721, -32.03083, -32.03083, -32.03083, -32.03083, -32.477318, -32.477318, -32.477318, -32.477318, -31.664509, -31.664509, -29.454262, -29.454262, -29.454262, -29.454262, -29.454262, -25.316065, -25.316065, -25.316065, -25.316065, -19.545506, -19.545506, -19.545506, -19.545506, -12.229059, -12.229059, -12.229059, -12.229059, -12.229059, -12.229059, -3.7959013, -3.7959013, 4.870625, 4.870625, 4.870625, 4.870625, 4.870625, 12.883846, 12.883846, 12.883846, 12.883846, 12.883846, 19.084423, 19.084423, 19.084423, 19.084423, 19.084423, 22.604885, 22.604885, 22.604885, 22.604885, 22.511255, 22.511255, 22.511255, 22.511255, 22.511255, 18.836349, 18.836349, 18.836349, 18.836349, 18.836349, 12.086426, 12.086426, 12.086426, 12.086426, 12.086426, 12.086426, 3.3564868, 3.3564868, 3.3564868, 3.3564868, 3.3564868, 3.3564868, -5.3074651, -5.3074651, -5.3074651, -5.3074651, -12.268626, -12.268626, -12.268626, -12.268626, -12.268626, -12.268626, -15.947556, -15.947556, -15.947556, -15.947556, -15.080699, -15.080699, -15.080699, -15.080699, -15.080699, -15.080699, -10.367213, -10.367213, -10.367213, -2.3364244, -2.3364244, -2.3364244, -2.3364244, -2.3364244, 6.9082069, 6.9082069, 14.243912, 14.243912, 14.243912, 14.243912, 14.243912, 17.652475, 17.652475, 17.652475, 17.652475, 17.652475, 15.309326, 15.309326, 15.309326, 8.1248074, 8.1248074, 8.1248074, 8.1248074, 8.1248074, 8.1248074, 8.1248074, 8.1248074, -8.7909012, -8.7909012, -8.7909012, -8.7909012, -8.7909012, -8.7909012, -12.355375, -12.355375, -12.355375, -12.355375, -12.355375, -10.196955, -10.196955, -10.196955, -10.196955, -10.196955, -2.6515391, -2.6515391, -2.6515391, -2.6515391, 6.5047941, 6.5047941, 6.5047941, 6.5047941, 6.5047941, 13.259861, 13.259861, 13.259861, 14.313914, 14.313914, 14.313914, 14.313914, 8.5871563, 8.5871563, 8.5871563, 8.5871563, 8.5871563, 8.5871563, -0.73424965, -0.73424965, -0.73424965, -0.73424965, -8.2813759, -8.2813759, -8.2813759, -8.2813759, -10.689076, -10.689076, -10.689076, -10.689076, -10.689076, -5.6552367, 9.2816229, 9.2816229, 9.2816229, 9.2816229, 8.3413229, 8.3413229, 8.3413229, 8.3413229, 8.3413229, 7.2590833, 6.1232915, 6.1232915, 6.1232915, 6.1232915, 6.1232915, 4.9446578, 4.9446578, 4.9446578, 4.9446578, 4.211751, 4.211751, 4.211751, 4.211751, 4.211751, 3.6554258, 3.6554258, 3.6554258, 3.6554258, 3.6554258, 3.2403655, 3.2403655, 2.7883172, 2.7883172, 2.7883172, 2.7883172, 2.6066785, 2.6066785, 2.6066785, 2.6066785, 2.6713676, 2.6713676, 2.6713676, 2.6713676, 2.783119, 2.783119, 2.783119, 2.783119, 2.783119, 2.81252, 2.81252, 2.81252, 2.81252, 2.6260407, 2.6260407, 2.6260407, 2.6260407, 2.6260407, 2.8368573, 2.8368573, 2.8368573, 3.0355105, 3.0355105, 3.0355105, 3.0355105, 3.0355105, 3.0744331, 3.0744331, 3.0744331, 3.0744331, 3.0155714, 3.0155714, 3.0155714, 3.0155714, 3.0155714, 3.0155714, 3.028482, 3.0988104, 3.0988104, 3.0988104, 3.0988104, 3.0950732, 3.0950732, 3.0950732, 3.0950732, 3.0950732, 3.0950732, 3.1220834, 3.1220834, 3.1220834, 3.1220834, 3.0836916, 3.0836916, 3.0836916, 3.0836916, 3.0836916, 3.352978, 3.352978, 3.4184072, 3.4184072, 3.4184072, 3.3507507, 3.3507507, 3.3507507, 3.5066254, 3.5066254, 3.5066254, 3.5066254, 3.5066254, 3.6613252, 3.6613252, 3.6613252, 3.6613252, 3.6613252, 3.6650851, 3.6650851, 3.6650851, 3.9980929, 3.9980929, 3.9980929, 3.9980929, 3.9980929, 3.9980929, 4.1144991, 4.1144991, 4.1144991, 4.147624, 4.147624, 4.147624, 4.147624, 4.147624, 4.204124, 4.204124, 4.204124, 4.204124, 4.204124, 4.4293242, 4.4293242, 4.4293242, 4.4293242, 4.3994842, 4.3994842, 4.3994842, 4.3994842, 4.3994842, 4.3994842, 4.4656119, 4.4656119, 4.4656119, 4.4885144, 4.4885144, 4.4885144, 4.4885144, 4.4885144, 4.4885144, 4.6268363, 4.6268363, 4.4974937, 4.4974937, 4.4974937, 4.4240198, 4.4240198, 4.4240198, 4.4240198, 4.4240198, 4.6652408, 4.6652408, 4.6652408, 4.6652408, 4.7082176, 4.7082176, 4.7082176, 4.7082176, 4.9225988, 4.9225988, 4.9225988, 4.9225988, 4.9225988, 4.9441037, 4.9441037, 4.9441037, 4.9441037, 4.9313078, 4.9313078, 4.9313078, 4.9313078, 4.9313078, 4.9313078, 4.711071, 4.711071, 4.5948815, 4.5948815, 4.5948815, 4.5948815, 4.3819299, 4.3819299, 4.3819299, 4.3819299, 4.3819299, 4.5415688, 4.5415688, 4.5415688, 4.5415688, 4.8192797, 4.8192797, 4.8192797, 4.8192797, 4.8192797, 4.8192797, 4.6814485, 4.6814485, 4.8111835, 4.8111835, 4.8111835, 4.8111835, 4.8111835, 4.8111835, 4.8111835, 4.7049718, 4.7049718, 4.7049718, 4.6500025, 4.6500025, 4.6500025, 4.6500025, 4.4860268, 4.4860268, 4.4860268, 4.4860268, 4.4860268, 4.6248465, 4.6248465, 4.6248465, 4.6248465, 4.5259023, 4.5259023, 4.5259023, 4.5259023, 4.5259023, 4.4167466, 4.4167466, 4.4167466, 4.4167466, 4.4167466, 4.2394223, 4.2394223, 4.2394223, 4.2394223, 4.2175627, 4.2175627, 4.2175627, 4.2175627, 4.2175627, 4.2175627, 4.3500748, 4.3500748, 4.3500748, 4.2760844, 4.2760844, 4.2760844, 4.2760844, 4.2760844, 4.2468925, 4.2468925, 4.2468925, 4.2468925, 4.313539, 4.313539, 4.313539, 4.313539, 4.313539, 4.3968558, 4.3968558, 4.3968558, 4.3968558, 4.3435097, 4.3435097, 4.3435097, 4.3435097, 4.3435097, 4.3435097, 4.3435097, 4.2708325, 4.2708325, 4.2708325, 4.2708325, 4.2708325, 4.2726908, 4.2726908, 4.2726908, 4.2726908, 4.2441773, 4.2441773, 4.2441773, 4.1313667, 4.1313667, 4.1313667, 4.1313667, 4.1313667, 3.8011181, 3.8011181, 3.8011181, 3.8011181, 3.8011181, 3.8011181, 3.7469194, 3.7469194, 3.7469194, 3.6135604, 3.6135604, 3.6135604, 3.6135604, 3.6135604, 3.6868732, 3.6868732, 3.6868732, 3.6868732, 3.6868732, 3.5955234, 3.5955234, 3.5955234, 3.5955234, 3.5955234, 3.6724434, 3.6724434, 3.6724434, 3.6724434, 3.7039795, 3.7039795, 3.7039795, 3.7039795, 3.7039795, 3.7039795, 3.6692083, 3.6692083, 3.6692083, 3.4313915, 3.4313915, 3.4313915, 3.4313915, 3.4313915, 3.4313915, 2.971138, 2.971138, 2.971138, 2.971138, 2.971138, 2.8729351, 2.8729351, 2.8729351, 2.8729351, 2.8729351, 2.5243728, 2.5243728, 2.5243728, 2.5395124, 2.5395124, 2.5395124, 2.5395124, 4.0276346, 4.0276346, 4.0276346, 4.0276346, 5.7881327, 5.7881327, 5.7881327, 5.7881327, 5.7881327, 5.7881327, 5.7881327, 7.8565307, 7.8565307, 7.8565307, 7.8565307, 9.4512491, 9.4512491, 9.4512491, 9.4512491, 9.4512491, 10.817024, 10.817024, 10.817024, 11.939644, 11.939644, 11.939644, 11.939644, 11.939644, 13.10774, 13.10774, 13.10774, 13.952217, 13.952217, 13.952217, 13.952217, 13.952217, 14.567799, 14.567799, 14.567799, 14.567799, 14.567799, 14.567799, 14.970263, 15.322236, 15.322236, 15.322236, 15.322236, 15.513814, 15.513814, 15.513814, 15.513814, 15.513814, 15.513814, 15.817077, 15.817077, 15.817077, 15.817077, 15.939687, 15.939687, 15.939687, 15.939687, 15.939687, 15.939687, 15.857775, 15.857775, 15.857775, 15.762245, 15.762245, 15.762245, 15.762245, 15.625821, 15.625821, 15.625821, 15.625821, 15.625821, 15.625821, 15.546681, 15.546681, 15.546681, 15.546681, 15.546681, 15.546681, 15.513371, 15.513371, 15.513371, 15.513371, 15.246721, 15.246721, 15.246721, 15.246721, 14.913402, 14.913402, 14.913402, 14.913402, 14.913402, 14.913402, 14.586746, 14.586746, 14.586746, 14.586746, 14.586746, 14.205422, 14.205422, 14.205422, 14.205422, 13.840363, 13.840363, 13.840363, 13.840363, 13.840363, 13.608315, 13.608315, 13.608315, 13.332677, 13.332677, 13.332677, 13.332677, 12.902166, 12.902166, 12.902166, 12.902166, 12.902166, 12.287758, 12.287758, 12.287758, 12.287758, 12.287758, 11.496231, 11.496231, 11.496231, 11.496231, 11.496231, 11.496231, 11.01301, 11.01301, 11.01301, 10.536433, 10.536433, 10.536433, 10.245172, 10.245172, 10.245172, 10.245172, 10.245172, 10.245172, 10.192163, 10.192163, 10.179755, 10.179755, 10.179755, 10.179755, 9.9598293, 9.9598293, 9.9598293, 10.173888, 10.173888, 10.173888, 10.173888, 10.173888, 10.173888, 10.375135, 10.375135, 10.375135, 10.375135, 10.356133, 10.356133, 10.356133, 10.356133, 10.356133, 10.820931, 10.820931, 10.820931, 11.04277, 11.04277, 11.04277, 11.04277, 11.04277, 11.340241, 11.340241, 11.340241, 11.340241, 11.548218, 11.548218, 11.548218, 11.548218, 11.548218, 11.744599, 11.744599, 11.744599, 11.744599, 11.991704, 11.991704, 11.991704, 11.991704, 12.309388, 12.309388, 12.309388, 12.309388, 12.309388, 12.593535, 12.593535, 12.593535, 12.593535, 12.593535, 12.940853, 12.940853, 12.940853, 12.940853, 12.940853, 13.158708, 13.158708, 13.158708, 13.158708, 13.158708, 13.302991, 13.302991, 13.302991, 13.302991, 13.302991, 13.302991, 13.302991, 13.388418, 13.42676, 13.42676, 13.42676, 13.42676, 13.397432, 13.397432, 13.397432, 13.397432, 13.397432, 13.493971, 13.493971, 13.493971, 13.493971, 13.331202, 13.331202, 13.331202, 13.331202, 13.331202, 12.900987, 12.900987, 12.900987, 12.900987, 12.900987, 12.736814, 12.736814, 12.736814, 12.736814, 12.736814, 12.485476, 12.485476, 12.485476, 12.485476, 12.485476, 12.344406, 12.344406, 12.344406, 12.11155, 12.11155, 12.11155, 12.11155, 12.225266, 12.225266, 12.225266, 12.225266, 12.225266, 12.225266, 11.926237, 11.926237, 11.926237, 11.926237, 11.927014, 11.927014, 11.927014, 11.927014, 11.927014, 12.017636, 12.017636, 12.017636, 12.060134, 12.060134, 12.154132, 12.154132, 12.154132, 12.169331, 12.169331, 12.169331, 12.169331, 12.169331, 12.271489, 12.271489, 12.271489, 12.271489, 12.083217, 12.083217, 12.083217, 12.083217, 12.083217, 12.232598, 12.232598, 12.232598, 12.232598, 12.232598, 12.292104, 12.292104, 12.292104, 12.219708, 12.219708, 12.219708, 12.219708, 12.219708, 12.341792, 12.341792, 12.341792, 12.341792, 12.341792, 12.619459, 12.619459, 12.619459, 12.901592, 12.901592, 12.901592, 12.901592, 12.901592, 12.901592, 12.901592, 12.901592, 12.901592, 12.977299, 12.977864, 12.977864, 12.977864, 12.977864, 13.158317, 13.158317, 13.158317, 13.158317, 13.158317, 13.212678, 13.212678, 13.212678, 13.212678, 13.212678, 13.076167, 13.076167, 13.076167, 13.076167, 13.076167, 13.206959, 13.206959, 13.206959, 13.206959, 13.206959, 13.131592, 13.131592, 13.131592, 13.131592, 13.131592, 13.131592, 13.191298, 13.191298, 13.191298, 13.191298, 13.179064, 13.179064, 13.179064, 13.179064, 13.199276, 13.199276, 13.199276, 13.199276, 13.199276, 12.915445, 12.915445, 12.915445, 12.988381, 12.988381, 12.988381, 12.988381, 12.988381, 12.776731, 12.776731, 12.776731, 12.776731, 12.776731, 12.776731, 12.877409, 12.877409, 12.877409, 12.877409, 12.877409, 12.777952, 12.777952, 12.777952, 12.777952, 12.518387, 12.518387, 12.518387, 12.518387, 12.518387, 12.518387, 12.518387, 12.670734, 12.670734, 12.670734, 12.582612, 12.582612, 12.582612, 12.582612, 12.582612, 12.582612, 12.542114, 12.542114, 12.542114, 12.479716, 12.479716, 12.479716, 12.479716, 12.549798, 12.549798, 12.549798, 12.549798, 12.549798, 12.455864, 12.455864, 12.455864, 12.455864, 12.455864, 12.455864, 12.410716, 12.410716, 12.410716, 12.410716, 12.410716, 12.464598, 12.464598, 12.464598, 12.464598, 12.447703, 12.447703, 12.447703, 12.447703, 12.447703, 12.464188, 12.464188, 12.507375, 12.507375, 12.507375, 12.507375, 12.661924, 12.661924, 12.661924, 12.661924, 12.661924, 12.665565, 12.665565], [-1.7117712, -1.7117712, -1.7117712, -1.8148489, -1.8148489, -1.8148489, -1.8148489, -1.8148489, -1.8912805, -1.8912805, -1.8912805, -1.8912805, -1.8912805, -1.9584564, -1.9584564, -1.9584564, -1.9584564, -1.9221969, -1.9221969, -1.9221969, -1.9221969, -1.9221969, -1.8931893, -1.8931893, -1.8931893, -1.8931893, -1.8931893, -1.9899833, -2.2774179, -2.2774179, -2.2774179, -2.2774179, -2.2973661, -2.2973661, -2.2973661, -2.2973661, -2.2973661, -2.3433247, -2.3433247, -2.3433247, -2.3433247, -2.3433247, -2.3500917, -2.3500917, -2.3500917, -2.3500917, -2.3555052, -2.3555052, -2.3298361, -2.3298361, -2.3298361, -2.3298361, -2.3298361, -2.1293006, -2.1293006, -2.1293006, -2.1293006, -2.1293006, -2.1488724, -2.1488724, -2.1488724, -2.1488724, -2.1345296, -2.1345296, -2.1345296, -2.1345296, -2.1345296, -1.9130554, -1.9130554, -1.9130554, -1.9130554, -1.9158757, -1.9158757, -1.9158757, -1.9158757, -1.8881323, -1.8881323, -1.8881323, -1.8881323, -1.7159376, -1.7159376, -1.7159376, -1.7159376, -1.7159376, -1.5781819, -1.5781819, -1.5781819, -1.6779771, -1.6779771, -1.6779771, -1.6779771, -1.6779771, -1.3978134, -1.3978134, -1.3978134, -1.3978134, -1.2936826, -1.2936826, -1.2936826, -1.2936826, -1.2936826, -1.2936826, -1.1203774, -1.1203774, -1.1203774, 1.1761233, 1.6654671, 1.6654671, 1.6654671, 2.4769421, 2.4769421, 2.4769421, 2.4769421, 2.4769421, 2.9761219, 2.9761219, 2.9761219, 2.9761219, 2.9761219, 2.9761219, 3.765466, 3.765466, 3.765466, 4.6069412, 4.6069412, 4.6069412, 4.6069412, 5.1601214, 5.1601214, 5.1601214, 5.1601214, 5.8426657, 5.8426657, 5.8426657, 5.8426657, 5.8426657, 6.2387009, 6.2387009, 6.2387009, 6.2387009, 6.2387009, 6.2387009, 6.675529, 6.675529, 6.675529, 6.675529, 6.9349914, 6.9349914, 6.9349914, 6.9349914, 6.8425612, 6.8425612, 6.4686174, 6.4686174, 6.4686174, 6.4686174, 6.4686174, 5.9594626, 5.9594626, 5.9594626, 5.9594626, 4.8621383, 4.8621383, 4.8621383, 4.8621383, 3.684279, 3.684279, 3.684279, 3.684279, 3.684279, 3.684279, 2.2919915, 2.2919915, 0.87816143, 0.87816143, 0.87816143, 0.87816143, 0.87816143, -0.28290215, -0.28290215, -0.28290215, -0.28290215, -0.28290215, -1.361753, -1.361753, -1.361753, -1.361753, -1.361753, -1.9248337, -1.9248337, -1.9248337, -1.9248337, -2.0452988, -2.0452988, -2.0452988, -2.0452988, -2.0452988, -1.3016707, -1.3016707, -1.3016707, -1.3016707, -1.3016707, -0.25676814, -0.25676814, -0.25676814, -0.25676814, -0.25676814, -0.25676814, 1.2691541, 1.2691541, 1.2691541, 1.2691541, 1.2691541, 1.2691541, 2.5498917, 2.5498917, 2.5498917, 2.5498917, 3.5444815, 3.5444815, 3.5444815, 3.5444815, 3.5444815, 3.5444815, 4.1901536, 4.1901536, 4.1901536, 4.1901536, 3.8966911, 3.8966911, 3.8966911, 3.8966911, 3.8966911, 3.8966911, 3.3319216, 3.3319216, 3.3319216, 1.9501057, 1.9501057, 1.9501057, 1.9501057, 1.9501057, 0.60465282, 0.60465282, -0.59170955, -0.59170955, -0.59170955, -0.59170955, -0.59170955, -0.9787994, -0.9787994, -0.9787994, -0.9787994, -0.9787994, -0.56847084, -0.56847084, -0.56847084, 0.68979162, 0.68979162, 0.68979162, 0.68979162, 0.68979162, 0.68979162, 0.68979162, 0.68979162, 3.3896897, 3.3896897, 3.3896897, 3.3896897, 3.3896897, 3.3896897, 3.7363203, 3.7363203, 3.7363203, 3.7363203, 3.7363203, 3.4436243, 3.4436243, 3.4436243, 3.4436243, 3.4436243, 3.5214572, 3.5214572, 3.5214572, 3.5214572, 3.1037235, 3.1037235, 3.1037235, 3.1037235, 3.1037235, 3.0695367, 3.0695367, 3.0695367, 3.5221872, 3.5221872, 3.5221872, 3.5221872, 4.8443079, 4.8443079, 4.8443079, 4.8443079, 4.8443079, 4.8443079, 6.5320044, 6.5320044, 6.5320044, 6.5320044, 8.002161, 8.002161, 8.002161, 8.002161, 8.5482864, 8.5482864, 8.5482864, 8.5482864, 8.5482864, 7.7851868, 6.0225959, 6.0225959, 6.0225959, 6.0225959, 6.3346343, 6.3346343, 6.3346343, 6.3346343, 6.3346343, 6.5542655, 6.7599702, 6.7599702, 6.7599702, 6.7599702, 6.7599702, 6.9545341, 6.9545341, 6.9545341, 6.9545341, 6.7801852, 6.7801852, 6.7801852, 6.7801852, 6.7801852, 6.700706, 6.700706, 6.700706, 6.700706, 6.700706, 6.6071224, 6.6071224, 6.5022559, 6.5022559, 6.5022559, 6.5022559, 6.2983623, 6.2983623, 6.2983623, 6.2983623, 6.3452482, 6.3452482, 6.3452482, 6.3452482, 6.2927566, 6.2927566, 6.2927566, 6.2927566, 6.2927566, 6.2807631, 6.2807631, 6.2807631, 6.2807631, 6.1511683, 6.1511683, 6.1511683, 6.1511683, 6.1511683, 5.9874926, 5.9874926, 5.9874926, 5.976552, 5.976552, 5.976552, 5.976552, 5.976552, 5.8777995, 5.8777995, 5.8777995, 5.8777995, 5.6787977, 5.6787977, 5.6787977, 5.6787977, 5.6787977, 5.6787977, 5.7895956, 5.7282343, 5.7282343, 5.7282343, 5.7282343, 5.7091455, 5.7091455, 5.7091455, 5.7091455, 5.7091455, 5.7091455, 5.6638741, 5.6638741, 5.6638741, 5.6638741, 5.777657, 5.777657, 5.777657, 5.777657, 5.777657, 5.5686831, 5.5686831, 5.7915044, 5.7915044, 5.7915044, 5.6997614, 5.6997614, 5.6997614, 5.8063669, 5.8063669, 5.8063669, 5.8063669, 5.8063669, 5.7416511, 5.7416511, 5.7416511, 5.7416511, 5.7416511, 5.5998793, 5.5998793, 5.5998793, 5.6364617, 5.6364617, 5.6364617, 5.6364617, 5.6364617, 5.6364617, 5.3957272, 5.3957272, 5.3957272, 5.2931399, 5.2931399, 5.2931399, 5.2931399, 5.2931399, 5.3010697, 5.3010697, 5.3010697, 5.3010697, 5.3010697, 5.2174139, 5.2174139, 5.2174139, 5.2174139, 5.3004889, 5.3004889, 5.3004889, 5.3004889, 5.3004889, 5.3004889, 5.486949, 5.486949, 5.486949, 5.636117, 5.636117, 5.636117, 5.636117, 5.636117, 5.636117, 5.4854517, 5.4854517, 5.2149196, 5.2149196, 5.2149196, 5.178494, 5.178494, 5.178494, 5.178494, 5.178494, 5.1493535, 5.1493535, 5.1493535, 5.1493535, 5.3360405, 5.3360405, 5.3360405, 5.3360405, 5.3653903, 5.3653903, 5.3653903, 5.3653903, 5.3653903, 5.1188703, 5.1188703, 5.1188703, 5.1188703, 5.371654, 5.371654, 5.371654, 5.371654, 5.371654, 5.371654, 5.3038816, 5.3038816, 5.5796633, 5.5796633, 5.5796633, 5.5796633, 5.5002885, 5.5002885, 5.5002885, 5.5002885, 5.5002885, 5.5567889, 5.5567889, 5.5567889, 5.5567889, 5.5419888, 5.5419888, 5.5419888, 5.5419888, 5.5419888, 5.5419888, 5.470149, 5.470149, 5.5326777, 5.5326777, 5.5326777, 5.5326777, 5.5326777, 5.5326777, 5.5326777, 5.5827003, 5.5827003, 5.5827003, 5.442718, 5.442718, 5.442718, 5.442718, 5.690732, 5.690732, 5.690732, 5.690732, 5.690732, 5.7691436, 5.7691436, 5.7691436, 5.7691436, 5.7418728, 5.7418728, 5.7418728, 5.7418728, 5.7418728, 5.8700562, 5.8700562, 5.8700562, 5.8700562, 5.8700562, 5.9426026, 5.9426026, 5.9426026, 5.9426026, 5.7606406, 5.7606406, 5.7606406, 5.7606406, 5.7606406, 5.7606406, 5.8550701, 5.8550701, 5.8550701, 5.8706141, 5.8706141, 5.8706141, 5.8706141, 5.8706141, 5.7630491, 5.7630491, 5.7630491, 5.7630491, 5.9469972, 5.9469972, 5.9469972, 5.9469972, 5.9469972, 5.9741554, 5.9741554, 5.9741554, 5.9741554, 6.2958822, 6.2958822, 6.2958822, 6.2958822, 6.2958822, 6.2958822, 6.2958822, 6.1332636, 6.1332636, 6.1332636, 6.1332636, 6.1332636, 6.063169, 6.063169, 6.063169, 6.063169, 6.0970931, 6.0970931, 6.0970931, 6.2442322, 6.2442322, 6.2442322, 6.2442322, 6.2442322, 6.1519442, 6.1519442, 6.1519442, 6.1519442, 6.1519442, 6.1519442, 6.0781136, 6.0781136, 6.0781136, 6.0190492, 6.0190492, 6.0190492, 6.0190492, 6.0190492, 6.0017972, 6.0017972, 6.0017972, 6.0017972, 6.0017972, 6.1679955, 6.1679955, 6.1679955, 6.1679955, 6.1679955, 6.2709541, 6.2709541, 6.2709541, 6.2709541, 6.2933211, 6.2933211, 6.2933211, 6.2933211, 6.2933211, 6.2933211, 6.3412151, 6.3412151, 6.3412151, 6.2595301, 6.2595301, 6.2595301, 6.2595301, 6.2595301, 6.2595301, 6.2541819, 6.2541819, 6.2541819, 6.2541819, 6.2541819, 6.1299033, 6.1299033, 6.1299033, 6.1299033, 6.1299033, 6.1804805, 6.1804805, 6.1804805, 5.9954743, 5.9954743, 5.9954743, 5.9954743, 5.6529379, 5.6529379, 5.6529379, 5.6529379, 5.2289085, 5.2289085, 5.2289085, 5.2289085, 5.2289085, 5.2289085, 5.2289085, 4.7696848, 4.7696848, 4.7696848, 4.7696848, 4.2823057, 4.2823057, 4.2823057, 4.2823057, 4.2823057, 3.8324029, 3.8324029, 3.8324029, 3.53248, 3.53248, 3.53248, 3.53248, 3.53248, 3.7725418, 3.7725418, 3.7725418, 3.7245917, 3.7245917, 3.7245917, 3.7245917, 3.7245917, 3.7462311, 3.7462311, 3.7462311, 3.7462311, 3.7462311, 3.7462311, 4.0035434, 3.8793926, 3.8793926, 3.8793926, 3.8793926, 3.9300721, 3.9300721, 3.9300721, 3.9300721, 3.9300721, 3.9300721, 4.0006161, 4.0006161, 4.0006161, 4.0006161, 3.9670506, 3.9670506, 3.9670506, 3.9670506, 3.9670506, 3.9670506, 3.9101982, 3.9101982, 3.9101982, 3.9247162, 3.9247162, 3.9247162, 3.9247162, 4.1463313, 4.1463313, 4.1463313, 4.1463313, 4.1463313, 4.1463313, 4.1436229, 4.1436229, 4.1436229, 4.1436229, 4.1436229, 4.1436229, 4.1714568, 4.1714568, 4.1714568, 4.1714568, 4.0737233, 4.0737233, 4.0737233, 4.0737233, 4.1755366, 4.1755366, 4.1755366, 4.1755366, 4.1755366, 4.1755366, 4.376987, 4.376987, 4.376987, 4.376987, 4.376987, 4.6581478, 4.6581478, 4.6581478, 4.6581478, 4.5830765, 4.5830765, 4.5830765, 4.5830765, 4.5830765, 4.7030191, 4.7030191, 4.7030191, 4.648973, 4.648973, 4.648973, 4.648973, 4.8757367, 4.8757367, 4.8757367, 4.8757367, 4.8757367, 4.9371471, 4.9371471, 4.9371471, 4.9371471, 4.9371471, 5.0162754, 5.0162754, 5.0162754, 5.0162754, 5.0162754, 5.0162754, 5.1395783, 5.1395783, 5.1395783, 4.9682212, 4.9682212, 4.9682212, 5.1911349, 5.1911349, 5.1911349, 5.1911349, 5.1911349, 5.1911349, 5.1294661, 5.1294661, 5.2601314, 5.2601314, 5.2601314, 5.2601314, 5.1846633, 5.1846633, 5.1846633, 5.2442884, 5.2442884, 5.2442884, 5.2442884, 5.2442884, 5.2442884, 5.2019892, 5.2019892, 5.2019892, 5.2019892, 4.9281492, 4.9281492, 4.9281492, 4.9281492, 4.9281492, 4.8890772, 4.8890772, 4.8890772, 5.0078197, 5.0078197, 5.0078197, 5.0078197, 5.0078197, 4.9228134, 4.9228134, 4.9228134, 4.9228134, 4.8548083, 4.8548083, 4.8548083, 4.8548083, 4.8548083, 4.9504046, 4.9504046, 4.9504046, 4.9504046, 4.5468817, 4.5468817, 4.5468817, 4.5468817, 4.6140633, 4.6140633, 4.6140633, 4.6140633, 4.6140633, 4.5178084, 4.5178084, 4.5178084, 4.5178084, 4.5178084, 4.4708052, 4.4708052, 4.4708052, 4.4708052, 4.4708052, 4.3732018, 4.3732018, 4.3732018, 4.3732018, 4.3732018, 4.595119, 4.595119, 4.595119, 4.595119, 4.595119, 4.595119, 4.595119, 4.7426529, 4.8906798, 4.8906798, 4.8906798, 4.8906798, 4.8591018, 4.8591018, 4.8591018, 4.8591018, 4.8591018, 4.8038392, 4.8038392, 4.8038392, 4.8038392, 4.729629, 4.729629, 4.729629, 4.729629, 4.729629, 4.6102614, 4.6102614, 4.6102614, 4.6102614, 4.6102614, 4.6947675, 4.6947675, 4.6947675, 4.6947675, 4.6947675, 4.7623725, 4.7623725, 4.7623725, 4.7623725, 4.7623725, 4.8464561, 4.8464561, 4.8464561, 4.8837233, 4.8837233, 4.8837233, 4.8837233, 4.9735365, 4.9735365, 4.9735365, 4.9735365, 4.9735365, 4.9735365, 5.1053872, 5.1053872, 5.1053872, 5.1053872, 5.0608678, 5.0608678, 5.0608678, 5.0608678, 5.0608678, 4.9652519, 4.9652519, 4.9652519, 4.9787598, 4.9787598, 5.1095657, 5.1095657, 5.1095657, 4.9142108, 4.9142108, 4.9142108, 4.9142108, 4.9142108, 4.9079266, 4.9079266, 4.9079266, 4.9079266, 4.8428988, 4.8428988, 4.8428988, 4.8428988, 4.8428988, 4.6708765, 4.6708765, 4.6708765, 4.6708765, 4.6708765, 4.6232591, 4.6232591, 4.6232591, 4.4651651, 4.4651651, 4.4651651, 4.4651651, 4.4651651, 4.2486901, 4.2486901, 4.2486901, 4.2486901, 4.2486901, 4.2555103, 4.2555103, 4.2555103, 4.350966, 4.350966, 4.350966, 4.350966, 4.350966, 4.350966, 4.350966, 4.350966, 4.350966, 4.5773306, 4.6384225, 4.6384225, 4.6384225, 4.6384225, 4.627296, 4.627296, 4.627296, 4.627296, 4.627296, 4.6183944, 4.6183944, 4.6183944, 4.6183944, 4.6183944, 4.6112733, 4.6112733, 4.6112733, 4.6112733, 4.6112733, 4.6355762, 4.6355762, 4.6355762, 4.6355762, 4.6355762, 4.685019, 4.685019, 4.685019, 4.685019, 4.685019, 4.685019, 4.7245731, 4.7245731, 4.7245731, 4.7245731, 4.9362168, 4.9362168, 4.9362168, 4.9362168, 4.9555316, 4.9555316, 4.9555316, 4.9555316, 4.9555316, 4.9409833, 4.9409833, 4.9409833, 4.8093448, 4.8093448, 4.8093448, 4.8093448, 4.8093448, 5.0640335, 5.0640335, 5.0640335, 5.0640335, 5.0640335, 5.0640335, 4.8477845, 4.8477845, 4.8477845, 4.8477845, 4.8477845, 4.6747851, 4.6747851, 4.6747851, 4.6747851, 4.5363855, 4.5363855, 4.5363855, 4.5363855, 4.5363855, 4.5363855, 4.5363855, 4.5456662, 4.5456662, 4.5456662, 4.6730909, 4.6730909, 4.6730909, 4.6730909, 4.6730909, 4.6730909, 4.8050303, 4.8050303, 4.8050303, 4.7305822, 4.7305822, 4.7305822, 4.7305822, 4.6110239, 4.6110239, 4.6110239, 4.6110239, 4.6110239, 4.6053767, 4.6053767, 4.6053767, 4.6053767, 4.6053767, 4.6053767, 4.6608591, 4.6608591, 4.6608591, 4.6608591, 4.6608591, 4.705245, 4.705245, 4.705245, 4.705245, 4.8007541, 4.8007541, 4.8007541, 4.8007541, 4.8007541, 4.7271609, 4.7271609, 4.8182864, 4.8182864, 4.8182864, 4.8182864, 4.6511869, 4.6511869, 4.6511869, 4.6511869, 4.6511869, 4.3975077, 4.3975077], [-38.689571, -38.689571, -38.689571, -38.504665, -38.504665, -38.504665, -38.504665, -38.504665, -37.678402, -37.678402, -37.678402, -37.678402, -37.678402, -37.59573, -37.59573, -37.59573, -37.59573, -38.07959, -38.07959, -38.07959, -38.07959, -38.07959, -38.066681, -38.066681, -38.066681, -38.066681, -38.066681, -38.256351, -38.158089, -38.158089, -38.158089, -38.158089, -38.129478, -38.129478, -38.129478, -38.129478, -38.129478, -38.006588, -38.006588, -38.006588, -38.006588, -38.006588, -38.208279, -38.208279, -38.208279, -38.208279, -38.26963, -38.26963, -38.11871, -38.11871, -38.11871, -38.11871, -38.11871, -38.097977, -38.097977, -38.097977, -38.097977, -38.097977, -38.33139, -38.33139, -38.33139, -38.33139, -38.01812, -38.01812, -38.01812, -38.01812, -38.01812, -38.267506, -38.267506, -38.267506, -38.267506, -38.26701, -38.26701, -38.26701, -38.26701, -38.266613, -38.266613, -38.266613, -38.266613, -38.616299, -38.616299, -38.616299, -38.616299, -38.616299, -38.596046, -38.596046, -38.596046, -38.929844, -38.929844, -38.929844, -38.929844, -38.929844, -38.846882, -38.846882, -38.846882, -38.846882, -39.030514, -39.030514, -39.030514, -39.030514, -39.030514, -39.030514, -39.677418, -39.677418, -39.677418, -40.164181, -39.534351, -39.534351, -39.534351, -37.880489, -37.880489, -37.880489, -37.880489, -37.880489, -36.0574, -36.0574, -36.0574, -36.0574, -36.0574, -36.0574, -33.448929, -33.448929, -33.448929, -30.062149, -30.062149, -30.062149, -30.062149, -25.752726, -25.752726, -25.752726, -25.752726, -20.505186, -20.505186, -20.505186, -20.505186, -20.505186, -14.707155, -14.707155, -14.707155, -14.707155, -14.707155, -14.707155, -8.6187305, -8.6187305, -8.6187305, -8.6187305, -2.1479905, -2.1479905, -2.1479905, -2.1479905, 4.5286016, 4.5286016, 11.019876, 11.019876, 11.019876, 11.019876, 11.019876, 16.862894, 16.862894, 16.862894, 16.862894, 21.63731, 21.63731, 21.63731, 21.63731, 24.556843, 24.556843, 24.556843, 24.556843, 24.556843, 24.556843, 24.942469, 24.942469, 22.400969, 22.400969, 22.400969, 22.400969, 22.400969, 17.96777, 17.96777, 17.96777, 17.96777, 17.96777, 11.021209, 11.021209, 11.021209, 11.021209, 11.021209, 2.363961, 2.363961, 2.363961, 2.363961, -6.261838, -6.261838, -6.261838, -6.261838, -6.261838, -13.412477, -13.412477, -13.412477, -13.412477, -13.412477, -17.632988, -17.632988, -17.632988, -17.632988, -17.632988, -17.632988, -18.459398, -18.459398, -18.459398, -18.459398, -18.459398, -18.459398, -15.220525, -15.220525, -15.220525, -15.220525, -8.6794262, -8.6794262, -8.6794262, -8.6794262, -8.6794262, -8.6794262, -0.59654713, -0.59654713, -0.59654713, -0.59654713, 7.4697566, 7.4697566, 7.4697566, 7.4697566, 7.4697566, 7.4697566, 13.1728, 13.1728, 13.1728, 15.235234, 15.235234, 15.235234, 15.235234, 15.235234, 12.485182, 12.485182, 5.8351398, 5.8351398, 5.8351398, 5.8351398, 5.8351398, -2.934896, -2.934896, -2.934896, -2.934896, -2.934896, -10.600923, -10.600923, -10.600923, -14.483745, -14.483745, -14.483745, -14.483745, -14.483745, -14.483745, -14.483745, -14.483745, -6.5150089, -6.5150089, -6.5150089, -6.5150089, -6.5150089, -6.5150089, 2.0349867, 2.0349867, 2.0349867, 2.0349867, 2.0349867, 9.4749832, 9.4749832, 9.4749832, 9.4749832, 9.4749832, 12.50506, 12.50506, 12.50506, 12.50506, 9.6291218, 9.6291218, 9.6291218, 9.6291218, 9.6291218, 1.8783706, 1.8783706, 1.8783706, -6.7722316, -6.7722316, -6.7722316, -6.7722316, -11.792712, -11.792712, -11.792712, -11.792712, -11.792712, -11.792712, -10.559096, -10.559096, -10.559096, -10.559096, -3.4222038, -3.4222038, -3.4222038, -3.4222038, 5.4873109, 5.4873109, 5.4873109, 5.4873109, 5.4873109, 11.464922, -23.039143, -23.039143, -23.039143, -23.039143, -26.456242, -26.456242, -26.456242, -26.456242, -26.456242, -29.58992, -31.946865, -31.946865, -31.946865, -31.946865, -31.946865, -33.932419, -33.932419, -33.932419, -33.932419, -35.670864, -35.670864, -35.670864, -35.670864, -35.670864, -36.611618, -36.611618, -36.611618, -36.611618, -36.611618, -37.614223, -37.614223, -38.116306, -38.116306, -38.116306, -38.116306, -38.767975, -38.767975, -38.767975, -38.767975, -39.289307, -39.289307, -39.289307, -39.289307, -39.606373, -39.606373, -39.606373, -39.606373, -39.606373, -39.860027, -39.860027, -39.860027, -39.860027, -40.462948, -40.462948, -40.462948, -40.462948, -40.462948, -40.795284, -40.795284, -40.795284, -41.311153, -41.311153, -41.311153, -41.311153, -41.311153, -41.373852, -41.373852, -41.373852, -41.373852, -41.27401, -41.27401, -41.27401, -41.27401, -41.27401, -41.27401, -41.144135, -41.340237, -41.340237, -41.340237, -41.340237, -41.597118, -41.597118, -41.597118, -41.597118, -41.597118, -41.597118, -41.752621, -41.752621, -41.752621, -41.752621, -41.927025, -41.927025, -41.927025, -41.927025, -41.927025, -42.016548, -42.016548, -41.638168, -41.638168, -41.638168, -41.635464, -41.635464, -41.635464, -41.983299, -41.983299, -41.983299, -41.983299, -41.983299, -41.711567, -41.711567, -41.711567, -41.711567, -41.711567, -41.594181, -41.594181, -41.594181, -42.050274, -42.050274, -42.050274, -42.050274, -42.050274, -42.050274, -42.015144, -42.015144, -42.015144, -41.737041, -41.737041, -41.737041, -41.737041, -41.737041, -41.414562, -41.414562, -41.414562, -41.414562, -41.414562, -41.506577, -41.506577, -41.506577, -41.506577, -41.580189, -41.580189, -41.580189, -41.580189, -41.580189, -41.580189, -41.589077, -41.589077, -41.589077, -41.44619, -41.44619, -41.44619, -41.44619, -41.44619, -41.44619, -41.381878, -41.381878, -41.28043, -41.28043, -41.28043, -41.449272, -41.449272, -41.449272, -41.449272, -41.449272, -41.384346, -41.384346, -41.384346, -41.384346, -41.432404, -41.432404, -41.432404, -41.432404, -41.520851, -41.520851, -41.520851, -41.520851, -41.520851, -41.441608, -41.441608, -41.441608, -41.441608, -41.578213, -41.578213, -41.578213, -41.578213, -41.578213, -41.578213, -41.487499, -41.487499, -41.664928, -41.664928, -41.664928, -41.664928, -41.656872, -41.656872, -41.656872, -41.656872, -41.656872, -41.550426, -41.550426, -41.550426, -41.550426, -41.365269, -41.365269, -41.365269, -41.365269, -41.365269, -41.365269, -41.167141, -41.167141, -41.50864, -41.50864, -41.50864, -41.50864, -41.50864, -41.50864, -41.50864, -41.281841, -41.281841, -41.281841, -41.350399, -41.350399, -41.350399, -41.350399, -41.455246, -41.455246, -41.455246, -41.455246, -41.455246, -41.639126, -41.639126, -41.639126, -41.639126, -41.386227, -41.386227, -41.386227, -41.386227, -41.386227, -41.283909, -41.283909, -41.283909, -41.283909, -41.283909, -40.852055, -40.852055, -40.852055, -40.852055, -41.056572, -41.056572, -41.056572, -41.056572, -41.056572, -41.056572, -41.070187, -41.070187, -41.070187, -41.431076, -41.431076, -41.431076, -41.431076, -41.431076, -41.669788, -41.669788, -41.669788, -41.669788, -41.660759, -41.660759, -41.660759, -41.660759, -41.660759, -41.453533, -41.453533, -41.453533, -41.453533, -41.537754, -41.537754, -41.537754, -41.537754, -41.537754, -41.537754, -41.537754, -41.605129, -41.605129, -41.605129, -41.605129, -41.605129, -41.659031, -41.659031, -41.659031, -41.659031, -41.902153, -41.902153, -41.902153, -41.646648, -41.646648, -41.646648, -41.646648, -41.646648, -41.742245, -41.742245, -41.742245, -41.742245, -41.742245, -41.742245, -41.568722, -41.568722, -41.568722, -41.229904, -41.229904, -41.229904, -41.229904, -41.229904, -41.458851, -41.458851, -41.458851, -41.458851, -41.458851, -41.342007, -41.342007, -41.342007, -41.342007, -41.342007, -41.448532, -41.448532, -41.448532, -41.448532, -42.083752, -42.083752, -42.083752, -42.083752, -42.083752, -42.083752, -42.09193, -42.09193, -42.09193, -42.04847, -42.04847, -42.04847, -42.04847, -42.04847, -42.04847, -41.763702, -41.763702, -41.763702, -41.763702, -41.763702, -41.93589, -41.93589, -41.93589, -41.93589, -41.93589, -42.123638, -42.123638, -42.123638, -41.839497, -41.839497, -41.839497, -41.839497, -41.496525, -41.496525, -41.496525, -41.496525, -40.922146, -40.922146, -40.922146, -40.922146, -40.922146, -40.922146, -40.922146, -40.362644, -40.362644, -40.362644, -40.362644, -39.965042, -39.965042, -39.965042, -39.965042, -39.965042, -39.546963, -39.546963, -39.546963, -39.912498, -39.912498, -39.912498, -39.912498, -39.912498, -39.704929, -39.704929, -39.704929, -39.488873, -39.488873, -39.488873, -39.488873, -39.488873, -39.416027, -39.416027, -39.416027, -39.416027, -39.416027, -39.416027, -39.507748, -39.431126, -39.431126, -39.431126, -39.431126, -39.119827, -39.119827, -39.119827, -39.119827, -39.119827, -39.119827, -39.070789, -39.070789, -39.070789, -39.070789, -39.131557, -39.131557, -39.131557, -39.131557, -39.131557, -39.131557, -39.280174, -39.280174, -39.280174, -39.249065, -39.249065, -39.249065, -39.249065, -39.474178, -39.474178, -39.474178, -39.474178, -39.474178, -39.474178, -39.604271, -39.604271, -39.604271, -39.604271, -39.604271, -39.604271, -39.358345, -39.358345, -39.358345, -39.358345, -39.461605, -39.461605, -39.461605, -39.461605, -39.44421, -39.44421, -39.44421, -39.44421, -39.44421, -39.44421, -39.780296, -39.780296, -39.780296, -39.780296, -39.780296, -39.749165, -39.749165, -39.749165, -39.749165, -39.724258, -39.724258, -39.724258, -39.724258, -39.724258, -39.504333, -39.504333, -39.504333, -39.778393, -39.778393, -39.778393, -39.778393, -40.047642, -40.047642, -40.047642, -40.047642, -40.047642, -40.463039, -40.463039, -40.463039, -40.463039, -40.463039, -40.59536, -40.59536, -40.59536, -40.59536, -40.59536, -40.59536, -40.851215, -40.851215, -40.851215, -40.805901, -40.805901, -40.805901, -41.019646, -41.019646, -41.019646, -41.019646, -41.019646, -41.019646, -41.140644, -41.140644, -41.287441, -41.287441, -41.287441, -41.287441, -41.054882, -41.054882, -41.054882, -41.168835, -41.168835, -41.168835, -41.168835, -41.168835, -41.168835, -40.709995, -40.709995, -40.709995, -40.709995, -40.692924, -40.692924, -40.692924, -40.692924, -40.692924, -40.629269, -40.629269, -40.629269, -40.528343, -40.528343, -40.528343, -40.528343, -40.528343, -40.347603, -40.347603, -40.347603, -40.347603, -40.153011, -40.153011, -40.153011, -40.153011, -40.153011, -40.097336, -40.097336, -40.097336, -40.097336, -40.352798, -40.352798, -40.352798, -40.352798, -40.407166, -40.407166, -40.407166, -40.407166, -40.407166, -40.350662, -40.350662, -40.350662, -40.350662, -40.350662, -40.555458, -40.555458, -40.555458, -40.555458, -40.555458, -40.469296, -40.469296, -40.469296, -40.469296, -40.469296, -40.450363, -40.450363, -40.450363, -40.450363, -40.450363, -40.450363, -40.450363, -40.13522, -40.333103, -40.333103, -40.333103, -40.333103, -40.291412, -40.291412, -40.291412, -40.291412, -40.291412, -40.208057, -40.208057, -40.208057, -40.208057, -40.091373, -40.091373, -40.091373, -40.091373, -40.091373, -39.998028, -39.998028, -39.998028, -39.998028, -39.998028, -40.323349, -40.323349, -40.323349, -40.323349, -40.323349, -40.133606, -40.133606, -40.133606, -40.133606, -40.133606, -39.981812, -39.981812, -39.981812, -40.110374, -40.110374, -40.110374, -40.110374, -40.013226, -40.013226, -40.013226, -40.013226, -40.013226, -40.013226, -40.235508, -40.235508, -40.235508, -40.235508, -40.363335, -40.363335, -40.363335, -40.363335, -40.363335, -40.265594, -40.265594, -40.265594, -40.287403, -40.287403, -39.754852, -39.754852, -39.754852, -39.878811, -39.878811, -39.878811, -39.878811, -39.878811, -40.027977, -40.027977, -40.027977, -40.027977, -40.197308, -40.197308, -40.197308, -40.197308, -40.197308, -39.882774, -39.882774, -39.882774, -39.882774, -39.882774, -40.081146, -40.081146, -40.081146, -39.939846, -39.939846, -39.939846, -39.939846, -39.939846, -40.276806, -40.276806, -40.276806, -40.276806, -40.276806, -40.396374, -40.396374, -40.396374, -40.342026, -40.342026, -40.342026, -40.342026, -40.342026, -40.342026, -40.342026, -40.342026, -40.342026, -40.648548, -40.593765, -40.593765, -40.593765, -40.593765, -40.39994, -40.39994, -40.39994, -40.39994, -40.39994, -40.644878, -40.644878, -40.644878, -40.644878, -40.644878, -40.490829, -40.490829, -40.490829, -40.490829, -40.490829, -40.417591, -40.417591, -40.417591, -40.417591, -40.417591, -40.309002, -40.309002, -40.309002, -40.309002, -40.309002, -40.309002, -40.322128, -40.322128, -40.322128, -40.322128, -40.432629, -40.432629, -40.432629, -40.432629, -40.421032, -40.421032, -40.421032, -40.421032, -40.421032, -40.511753, -40.511753, -40.511753, -40.584332, -40.584332, -40.584332, -40.584332, -40.584332, -40.392391, -40.392391, -40.392391, -40.392391, -40.392391, -40.392391, -40.538841, -40.538841, -40.538841, -40.538841, -40.538841, -40.456001, -40.456001, -40.456001, -40.456001, -40.28973, -40.28973, -40.28973, -40.28973, -40.28973, -40.28973, -40.28973, -40.606712, -40.606712, -40.606712, -41.060299, -41.060299, -41.060299, -41.060299, -41.060299, -41.060299, -40.823166, -40.823166, -40.823166, -41.033459, -41.033459, -41.033459, -41.033459, -40.901695, -40.901695, -40.901695, -40.901695, -40.901695, -41.096283, -41.096283, -41.096283, -41.096283, -41.096283, -41.096283, -40.701954, -40.701954, -40.701954, -40.701954, -40.701954, -40.586491, -40.586491, -40.586491, -40.586491, -40.294121, -40.294121, -40.294121, -40.294121, -40.294121, -40.260223, -40.260223, -40.383106, -40.383106, -40.383106, -40.383106, -40.231411, -40.231411, -40.231411, -40.231411, -40.231411, -40.010056, -40.010056]]
duree=10

def donnees(Values,duree):
    
    a=0
    b=600
    vitesse=[]
    Phis=[]
    argument=[0 for i in range(len(Values[0]))]
    
    for i in range(len(Values[0])):
        argument[i]=np.arctan(Values[0][a+i]/Values[2][a+i])/np.pi
        if Values[2][a+i]>0:
            phi=90-180*argument[i]
        if Values[2][a+i]<0:
            phi=270-180*argument[i]
        if Values[2][a+i]==0:
            if Values[0][a+i]<0:
                phi=180
            if Values[0][a+i]>0:
                phi=0
        Phis.append(phi)
    
    vitesse = np.diff(Phis)
    vitesse[vitesse<0] *= -1
    vitesse[vitesse>350] = 0
    #bruit=3*np.mean(np.diff(vitesse))
    bruit=0.8
    vitesse=vitesse[a:b]

    
    index_min=[ n for n,i in enumerate(vitesse) if i>bruit ][0]
    min_vit=vitesse[index_min]

    #print(index_min)
    #print(min_vit)
    for i in range(len(Phis)-1):
        if Phis[i+1]<Phis[i]:
            Phis[i+1]+=Phis[i]

    
    return vitesse,Phis,min_vit,index_min



def func(x, a, b):
    return a*x+b

def ajustement(vitesse,Phis,min_vit,index_min):

    accel=[]
    a=0
    b=600
    
    for i in range(len(vitesse)):
        if vitesse[i]>min_vit:
            accel.append((vitesse[i]-min_vit)/(i-index_min))

    #print(accel)     
    #print(np.mean(accel))
    time=np.arange(len(Values[1]))/len(Values[1])*duree
    
    plt.figure(0)    
    #popt, pcov = so.curve_fit(func,np.arange(len(time[a:b])),vitesse,[np.mean(accel),1])
    #plt.plot(time[a:b],func(np.arange(len(time[a:b])),*popt)[a:b])
    plt.plot(time[a:b],vitesse[a:b])
    plt.plot(time[a:b],func(np.arange(len(time[a:b])),np.mean(accel),-np.mean(accel)*index_min)[a:b])
    plt.xlabel('$t$')
    plt.ylabel('$Vitesse et vitesse moyenne$')
    plt.show()
    
    mean_vitesse=np.mean(vitesse)   
    
    plt.figure(3)
    plt.plot(accel[a:b])
    plt.ylabel('$acceleration$')
    plt.show()
    
    plt.figure(1)
    plt.plot(time[a:b],Phis[a:b],'.')
    plt.xlabel('$t$')
    plt.ylabel('$Angle rotation$')
    plt.show()
    
    plt.figure(2)
    plt.plot(time[a:b],Values[0][a:b],'.')
    plt.plot(time[a:b],Values[1][a:b],'-')
    plt.plot(time[a:b],Values[2][a:b],'-.')
    plt.legend(['X','Z','Z'])
    plt.title('Champ magnétique au cours du temps')
    plt.xlabel('$t$')
    plt.ylabel('$B$')
    plt.show()

    return accel

def correlation(Values):
    
    a=0
    b=300

    k = pd.DataFrame()
    k['X'] = Values[0][a:b]
    k['Y'] = Values[1][a:b]
    pyplot.scatter(k['X'], k['Y'], s = 150, c = 'red', marker = '.', edgecolors = 'blue')
    k.corr(method='pearson')
    
    
    j = pd.DataFrame()
    j['Z'] = Values[2][a:b]
    j['Y'] = Values[1][a:b]
    pyplot.scatter(j['Z'], j['Y'], s = 150, c = 'red', marker = '.', edgecolors = 'blue')
    j.corr(method='pearson')


print(donnees(Values,10))
ajustement(donnees(Values,10)[0],donnees(Values,10)[1],donnees(Values,10)[2],donnees(Values,10)[3])


#formules theoriques
psi=np.pi/10
t=np.linspace(0,10,1000)

mc=0.41   #masse du cilindre
mi= 0.2  #masse du telephone
mp= 0  #masse de las tapas

w=0.14    #ancho telephone
l=0.07     #largo telephone

g=9.81  #cte gravitationnelle
R= 0.103/2  #rayon du cilindre

Ic=0.5*mc*(R*2+R*2)
Ii=(1/12)*mi*(w*2+l*2)
Ip=0.5*mp*R**2

I=Ic+Ii+Ip
m=mc+mi+mp

alpha=(m*g*R*np.sin(psi))/(m*R**2+I)
w=((m*g*R*np.sin(psi))/(m*R**2+I))*t
theta=((0.5*m*g*R*np.sin(psi))/(m*R*2+I))*t*2

C=(mc+2*mp+2*mi)/(2*mc+3*mp+(1/6)*mi*((12*R*2+w*2+l*2)/(R*2)))

C=0.5
